0 644 240
1 38 320
2 304 0
3 254 720
4 312 440
5 28 640
6 605 680
7 216 440
8 788 240
9 568 440
a 151 360
b 252 600
c 406 320
d 171 560
e 130 120
f 16 40
10 562 120
11 88 440
12 149 280
13 610 120
14 451 160
15 34 120
16 508 600
17 44 640
18 311 360
19 144 40
1a 668 640
1b 709 280
1c 13 680
1d 29 680
1e 305 80
1f 637 680
20 669 680
21 701 680
22 32 40
23 332 640
24 36 240
25 538 520
26 613 280
27 190 720
28 550 320
29 520 440
2a 248 440
2b 153 480
2c 770 120
2d 90 520
2e 100 240
2f 594 120
30 101 280
31 336 40
32 681 480
33 200 400
34 679 360
35 63 0
36 540 600
37 428 640
38 640 40
39 212 240
3a 359 360
3b 48 40
3c 458 520
3d 121 480
3e 649 480
3f 449 80
40 794 520
41 547 160
42 395 560
43 163 160
44 292 240
45 252 640
46 593 80
47 707 200
48 370 120
49 215 360
4a 736 40
4b 160 0
4c 345 480
4d 198 320
4e 240 0
4f 771 200
50 98 120
51 184 400
52 723 160
53 182 320
54 563 160
55 590 720
56 225 80
57 205 680
58 197 280
59 750 720
5a 472 400
5b 529 80
5c 756 240
5d 147 200
5e 396 640
5f 530 120
60 661 280
61 68 240
62 724 240
63 122 520
64 685 680
65 384 40
66 41 480
67 517 280
68 725 280
69 497 80
6a 356 200
6b 731 600
6c 578 120
6d 261 280
6e 645 280
6f 619 560
70 511 760
71 66 120
72 407 360
73 596 240
74 728 440
75 232 440
76 567 360
77 464 0
78 660 240
79 483 160
7a 77 680
7b 24 400
7c 714 520
7d 204 640
7e 663 360
7f 522 520
80 104 440
81 711 400
82 747 600
83 673 80
84 340 240
85 135 400
86 52 240
87 367 760
88 208 40
89 70 320
8a 188 640
8b 683 560
8c 682 520
8d 0 0
8e 103 360
8f 576 0
90 352 40
91 147 160
92 55 360
93 686 720
94 412 600
95 281 480
96 773 280
97 542 720
98 589 680
99 51 200
9a 704 40
9b 606 720
9c 707 160
9d 247 360
9e 339 160
9f 503 360
a0 132 240
a1 781 680
a2 266 520
a3 249 480
a4 475 560
a5 161 80
a6 479 760
a7 219 560
a8 128 40
a9 635 560
aa 314 520
ab 468 240
ac 484 240
ad 436 240
ae 687 0
af 170 520
b0 259 160
b1 775 400
b2 203 560
b3 388 200
b4 678 320
b5 315 560
b6 134 320
b7 544 40
b8 45 680
b9 402 120
ba 329 480
bb 40 440
bc 484 200
bd 204 600
be 596 200
bf 482 120
c0 58 520
c1 300 640
c2 328 400
c3 257 80
c4 648 440
c5 336 0
c6 470 320
c7 283 560
c8 320 40
c9 502 320
ca 206 720
cb 499 160
cc 59 560
cd 25 480
ce 793 480
cf 81 80
d0 389 280
d1 237 680
d2 540 640
d3 280 440
d4 346 520
d5 139 560
d6 335 760
d7 521 480
d8 697 480
d9 759 360
da 172 600
db 253 680
dc 652 640
dd 276 240
de 570 520
df 365 680
e0 792 440
e1 721 80
e2 780 640
e3 113 80
e4 448 40
e5 53 280
e6 154 520
e7 431 760
e8 180 200
e9 436 200
ea 743 400
eb 548 200
ec 618 520
ed 363 560
ee 384 0
ef 2 120
f0 3 160
f1 509 680
f2 622 720
f3 554 520
f4 385 80
f5 97 80
f6 372 200
f7 703 760
f8 291 160
f9 553 480
fa 290 120
fb 454 320
fc 662 320
fd 380 600
fe 331 560
ff 735 760
100 156 640
101 575 760
102 94 720
103 446 720
104 749 680
105 228 240
106 57 480
107 270 720
108 332 600
109 184 440
10a 551 360
10b 43 600
10c 783 760
10d 608 40
10e 91 600
10f 480 0
110 476 600
111 109 680
112 741 280
113 684 640
114 287 760
115 745 480
116 192 40
117 438 320
118 129 80
119 720 40
11a 267 560
11b 478 720
11c 80 40
11d 698 520
11e 302 720
11f 269 680
120 531 160
121 712 440
122 413 680
123 636 640
124 16 0
125 439 360
126 260 200
127 324 200
128 364 640
129 83 160
12a 119 360
12b 36 200
12c 455 360
12d 75 600
12e 47 0
12f 387 160
130 786 120
131 747 560
132 557 680
133 675 160
134 663 400
135 763 560
136 706 120
137 152 400
138 665 480
139 51 160
13a 523 560
13b 493 680
13c 639 0
13d 603 600
13e 8 440
13f 289 80
140 414 720
141 688 40
142 236 600
143 597 280
144 189 680
145 112 40
146 457 480
147 452 240
148 233 480
149 700 640
14a 364 600
14b 510 720
14c 234 520
14d 448 0
14e 96 40
14f 667 560
150 54 320
151 82 120
152 776 440
153 107 600
154 495 760
155 634 520
156 695 400
157 148 240
158 244 240
159 515 160
15a 211 160
15b 377 480
15c 785 80
15d 15 760
15e 461 680
15f 286 720
160 524 640
161 268 640
162 61 680
163 751 0
164 727 360
165 514 120
166 763 600
167 285 680
168 791 400
169 469 280
16a 46 720
16b 69 280
16c 159 760
16d 614 320
16e 344 400
16f 330 520
170 306 120
171 212 200
172 232 400
173 675 200
174 245 280
175 99 200
176 643 160
177 631 360
178 584 440
179 641 80
17a 178 120
17b 185 480
17c 653 680
17d 485 280
17e 209 80
17f 397 680
180 425 480
181 711 360
182 368 40
183 799 760
184 183 360
185 796 640
186 157 680
187 582 320
188 671 0
189 139 600
18a 78 720
18b 527 760
18c 193 80
18d 572 600
18e 585 480
18f 120 440
190 137 480
191 767 760
192 564 200
193 115 160
194 746 520
195 284 640
196 602 520
197 243 160
198 424 440
199 556 640
19a 74 520
19b 164 200
19c 464 40
19d 771 160
19e 169 480
19f 343 360
1a0 580 240
1a1 710 320
1a2 532 240
1a3 421 280
1a4 513 80
1a5 795 600
1a6 24 440
1a7 400 0
1a8 376 400
1a9 761 480
1aa 420 240
1ab 347 560
1ac 447 760
1ad 442 520
1ae 250 520
1af 75 560
1b0 18 120
1b1 348 640
1b2 471 360
1b3 437 280
1b4 577 80
1b5 416 40
1b6 282 520
1b7 453 280
1b8 294 320
1b9 176 0
1ba 664 440
1bb 719 760
1bc 143 760
1bd 35 160
1be 759 400
1bf 28 600
1c0 477 680
1c1 545 80
1c2 416 0
1c3 572 640
1c4 179 160
1c5 323 160
1c6 739 200
1c7 277 280
1c8 162 120
1c9 17 80
1ca 533 280
1cb 390 320
1cc 486 320
1cd 143 0
1ce 702 720
1cf 689 80
1d0 752 40
1d1 405 280
1d2 307 160
1d3 621 680
1d4 536 440
1d5 753 80
1d6 39 400
1d7 683 600
1d8 705 80
1d9 717 680
1da 465 80
1db 337 80
1dc 174 720
1dd 699 600
1de 371 160
1df 546 120
1e0 468 200
1e1 165 280
1e2 327 360
1e3 166 320
1e4 117 280
1e5 274 120
1e6 607 0
1e7 194 120
1e8 412 640
1e9 410 520
1ea 30 720
1eb 318 720
1ec 317 680
1ed 71 360
1ee 739 160
1ef 655 0
1f0 535 360
1f1 106 520
1f2 296 440
1f3 297 480
1f4 772 240
1f5 42 520
1f6 536 400
1f7 619 600
1f8 732 640
1f9 391 360
1fa 79 0
1fb 111 0
1fc 444 640
1fd 463 760
1fe 123 600
1ff 255 760
200 296 400
201 404 200
202 392 440
203 607 760
204 393 480
205 703 0
206 188 600
207 501 280
208 125 680
209 229 280
20a 591 760
20b 350 720
20c 133 280
20d 769 80
20e 276 200
20f 642 120
210 369 80
211 158 720
212 65 80
213 342 320
214 362 520
215 679 400
216 131 160
217 699 560
218 713 480
219 643 200
21a 500 200
21b 264 400
21c 580 200
21d 646 320
21e 382 720
21f 49 80
220 278 320
221 693 280
222 303 760
223 353 80
224 755 200
225 242 120
226 526 720
227 4 240
228 87 360
229 787 200
22a 588 600
22b 504 400
22c 375 360
22d 729 480
22e 328 440
22f 141 680
230 519 360
231 95 760
232 534 320
233 452 200
234 733 680
235 518 320
236 280 400
237 293 280
238 623 760
239 777 480
23a 118 320
23b 300 600
23c 386 120
23d 630 320
23e 55 400
23f 236 640
240 230 320
241 366 720
242 539 560
243 27 560
244 301 680
245 694 320
246 722 120
247 136 440
248 4 200
249 60 640
24a 708 240
24b 659 160
24c 742 320
24d 221 680
24e 12 640
24f 7 400
250 196 200
251 600 440
252 32 0
253 441 480
254 186 520
255 730 520
256 86 320
257 320 0
258 220 640
259 488 400
25a 677 280
25b 91 560
25c 155 560
25d 691 200
25e 10 520
25f 492 640
260 79 760
261 105 480
262 308 200
263 145 80
264 635 600
265 422 320
266 83 200
267 298 520
268 176 40
269 628 240
26a 599 360
26b 256 40
26c 430 720
26d 583 360
26e 210 120
26f 299 560
270 696 440
271 440 400
272 272 40
273 692 240
274 50 120
275 392 400
276 731 560
277 401 80
278 224 0
279 564 240
27a 774 320
27b 146 120
27c 480 40
27d 757 280
27e 429 680
27f 512 0
280 631 400
281 460 640
282 615 400
283 271 760
284 740 240
285 316 600
286 496 0
287 555 560
288 316 640
289 647 360
28a 173 680
28b 216 400
28c 37 280
28d 108 640
28e 394 520
28f 494 720
290 598 320
291 586 520
292 524 600
293 374 320
294 180 240
295 89 480
296 616 440
297 196 240
298 191 760
299 115 200
29a 779 600
29b 360 440
29c 512 40
29d 228 200
29e 738 120
29f 573 680
2a0 20 200
2a1 5 280
2a2 718 720
2a3 63 760
2a4 235 560
2a5 498 120
2a6 611 200
2a7 95 0
2a8 222 720
2a9 638 720
2aa 490 520
2ab 322 120
2ac 765 680
2ad 326 320
2ae 361 480
2af 604 640
2b0 543 760
2b1 627 200
2b2 356 240
2b3 340 200
2b4 516 240
2b5 791 360
2b6 164 240
2b7 334 720
2b8 408 440
2b9 528 40
2ba 775 360
2bb 181 280
2bc 737 80
2bd 262 320
2be 751 760
2bf 195 160
2c0 548 240
2c1 797 680
2c2 778 520
2c3 670 720
2c4 420 200
2c5 500 240
2c6 432 0
2c7 424 400
2c8 22 320
2c9 488 440
2ca 288 40
2cb 556 600
2cc 609 80
2cd 231 360
2ce 85 280
2cf 304 40
2d0 671 760
2d1 639 760
2d2 84 240
2d3 655 760
2d4 268 600
2d5 47 760
2d6 537 480
2d7 378 520
2d8 680 440
2d9 507 560
2da 659 200
2db 62 720
2dc 140 640
2dd 755 160
2de 202 520
2df 588 640
2e0 275 160
2e1 246 320
2e2 615 360
2e3 623 0
2e4 324 240
2e5 6 320
2e6 19 160
2e7 292 200
2e8 611 160
2e9 312 400
2ea 138 520
2eb 417 80
2ec 748 640
2ed 782 720
2ee 223 760
2ef 187 560
2f0 404 240
2f1 695 360
2f2 600 400
2f3 787 160
2f4 726 320
2f5 309 280
2f6 474 520
2f7 491 560
2f8 239 760
2f9 321 80
2fa 552 440
2fb 111 760
2fc 56 440
2fd 360 400
2fe 110 720
2ff 71 400
300 505 480
301 295 360
302 11 560
303 625 80
304 419 160
305 560 40
306 423 360
307 624 40
308 67 160
309 525 680
30a 372 240
30b 338 120
30c 119 400
30d 102 320
30e 592 40
30f 579 160
310 784 40
311 73 480
312 657 80
313 226 120
314 348 600
315 408 400
316 87 400
317 263 360
318 92 640
319 1 80
31a 124 640
31b 43 560
31c 445 680
31d 217 480
31e 459 560
31f 766 720
320 167 360
321 561 80
322 368 0
323 532 200
324 168 440
325 574 720
326 576 40
327 473 480
328 434 120
329 199 360
32a 427 560
32b 764 640
32c 687 760
32d 355 160
32e 568 400
32f 552 400
330 626 120
331 9 480
332 629 280
333 67 200
334 380 640
335 727 400
336 207 760
337 341 280
338 674 120
339 224 40
33a 672 40
33b 676 240
33c 383 760
33d 333 680
33e 379 560
33f 651 560
340 715 600
341 560 0
342 201 480
343 208 0
344 666 520
345 23 360
346 691 160
347 559 760
348 264 440
349 59 600
34a 31 760
34b 723 200
34c 33 80
34d 396 600
34e 716 640
34f 409 480
350 492 600
351 415 760
352 351 760
353 462 720
354 214 320
355 240 40
356 358 320
357 667 600
358 508 640
359 428 600
35a 467 160
35b 172 640
35c 565 280
35d 735 0
35e 654 720
35f 767 0
360 160 40
361 481 80
362 456 400
363 456 440
364 795 560
365 601 480
366 310 320
367 432 40
368 768 40
369 549 280
36a 218 520
36b 632 440
36c 587 560
36d 260 240
36e 516 200
36f 319 760
370 126 720
371 12 600
372 131 200
373 520 400
374 656 40
375 433 80
376 460 600
377 544 0
378 558 720
379 213 280
37a 313 480
37b 381 680
37c 472 440
37d 489 480
37e 633 480
37f 39 360
380 450 120
381 595 160
382 411 560
383 152 440
384 238 720
385 426 520
386 617 480
387 248 400
388 200 440
389 789 280
38a 650 520
38b 444 600
38c 476 640
38d 272 0
38e 504 440
38f 603 560
390 103 400
391 168 400
392 7 360
393 156 600
394 258 120
395 177 80
396 241 80
397 734 720
398 265 480
399 760 440
39a 72 440
39b 569 480
39c 435 160
39d 20 240
39e 354 120
39f 127 0
3a0 571 560
3a1 443 560
3a2 26 520
3a3 244 200
3a4 0 40
3a5 440 440
3a6 541 680
3a7 175 760
3a8 783 0
3a9 142 720
3aa 127 760
3ab 403 160
3ac 344 440
3ad 647 400
3ae 14 720
3af 388 240
3b0 64 40
3b1 227 160
3b2 496 40
3b3 658 120
3b4 581 280
3b5 690 120
3b6 758 320
3b7 373 280
3b8 279 360
3b9 466 120
3ba 284 600
3bb 627 160
3bc 192 0
3bd 744 440
3be 612 240
3bf 398 720
3c0 325 280
3c1 790 320
3c2 107 560
3c3 116 240
3c4 273 80
3c5 754 120
3c6 400 40
3c7 99 160
3c8 418 120
3c9 715 560
3ca 123 560
3cb 719 0
3cc 357 280
3cd 220 600
3ce 620 640
3cf 779 560
3d0 743 360
3d1 584 400
3d2 21 280
3d3 528 0
3d4 150 320
3d5 256 0
3d6 762 520
3d7 399 760
3d8 506 520
3d9 308 240
3da 798 720
3db 93 680
3dc 651 600
3dd 135 360
3de 76 640
3df 592 0
3e0 376 440
3e1 288 0
3e2 487 360
3e3 349 680
3e4 251 560
3e5 566 320
3e6 352 0
3e7 114 120
